image: /tmp/map306Fev2017.pgm
resolution: 0.050000
origin: [-5.200000, -8.800000, 0.000000]
position: [3.200000, 2.800000, 0.000000]
negate: 0
occupied_thresh: 0.65
free_thresh: 0.196
